<?xml version="1.0" encoding="utf-8"?>
<COLLADA xmlns="http://www.collada.org/2005/11/COLLADASchema" version="1.4.1">
  <asset><contributor><author></author><authoring_tool>FBX COLLADA exporter</authoring_tool><comments></comments></contributor><created>2016-11-04T16:54:35Z</created><keywords></keywords><modified>2016-11-04T16:54:35Z</modified><revision></revision><subject></subject><title></title><unit meter="1.000000" name="centimeter"></unit><up_axis>Y_UP</up_axis></asset>
  <library_animations>
    <animation id="Bip01-anim" name="Bip01"><animation><source id="Bip01-Matrix-animation-input"><float_array id="Bip01-Matrix-animation-input-array" count="42">

0.000000 0.033333 0.066667 0.100000 0.133333 0.166667 0.200000 0.233333 0.266667 0.300000 0.333333 0.366667 0.400000 0.433333 0.466667 0.500000
0.533333 0.566667 0.600000 0.633333 0.666667 0.700000 0.733333 0.766667 0.800000 0.833333 0.866667 0.900000 0.933333 0.966667 1.000000 1.033333
1.066667 1.100000 1.133333 1.166667 1.200000 1.233333 1.266667 1.300000 1.333333 1.366667</float_array><technique_common><accessor source="#Bip01-Matrix-animation-input-array" count="42"><param name="TIME" type="float"/></accessor></technique_common></source><source id="Bip01-Matrix-animation-output-transform"><float_array id="Bip01-Matrix-animation-output-transform-array" count="672">

-0.000302 0.000953 -0.000031 0.009702 0.000006 0.000034 0.000999 -0.027112 0.000953 0.000301 -0.000016 0.018999 0.000000 0.000000 0.000000 1.000000
-0.000277 0.000960 -0.000040 0.018492 0.000003 0.000043 0.000999 -0.036822 0.000961 0.000277 -0.000015 0.013356 0.000000 0.000000 0.000000 1.000000
-0.000240 0.000970 -0.000046 0.025596 0.000008 0.000050 0.000999 -0.048206 0.000971 0.000239 -0.000019 0.008077 0.000000 0.000000 0.000000 1.000000
-0.000190 0.000980 -0.000053 0.030807 0.000014 0.000057 0.000998 -0.059359 0.000982 0.000189 -0.000025 0.001801 0.000000 0.000000 0.000000 1.000000
-0.000139 0.000989 -0.000054 0.035213 0.000026 0.000058 0.000998 -0.061428 0.000990 0.000137 -0.000034 -0.001848 0.000000 0.000000 0.000000 1.000000
-0.000107 0.000993 -0.000047 0.035802 0.000043 0.000052 0.000998 -0.059737 0.000993 0.000105 -0.000048 -0.003432 0.000000 0.000000 0.000000 1.000000
-0.000092 0.000995 -0.000036 0.034510 0.000067 0.000043 0.000997 -0.054648 0.000993 0.000090 -0.000071 0.000180 0.000000 0.000000 0.000000 1.000000
-0.000065 0.000998 -0.000022 0.028388 0.000086 0.000027 0.000996 -0.046338 0.000994 0.000063 -0.000087 0.004056 0.000000 0.000000 0.000000 1.000000
-0.000025 0.001000 -0.000006 0.020858 0.000096 0.000009 0.000995 -0.036098 0.000995 0.000024 -0.000096 0.007163 0.000000 0.000000 0.000000 1.000000
0.000010 0.001000 0.000006 0.015128 0.000099 -0.000007 0.000995 -0.027023 0.000995 -0.000009 -0.000099 0.010055 0.000000 0.000000 0.000000 1.000000
0.000030 0.001000 0.000009 0.014952 0.000101 -0.000012 0.000995 -0.018541 0.000994 -0.000029 -0.000102 0.014021 0.000000 0.000000 0.000000 1.000000
0.000044 0.000999 0.000011 0.013511 0.000101 -0.000015 0.000995 -0.010202 0.000994 -0.000043 -0.000101 0.018313 0.000000 0.000000 0.000000 1.000000
0.000051 0.000999 0.000014 0.010876 0.000102 -0.000019 0.000995 -0.005834 0.000993 -0.000049 -0.000103 0.025262 0.000000 0.000000 0.000000 1.000000
0.000052 0.000998 0.000021 0.007456 0.000099 -0.000026 0.000995 -0.007921 0.000994 -0.000050 -0.000100 0.030324 0.000000 0.000000 0.000000 1.000000
0.000051 0.000998 0.000030 0.004209 0.000094 -0.000034 0.000995 -0.014420 0.000994 -0.000048 -0.000096 0.036255 0.000000 0.000000 0.000000 1.000000
0.000061 0.000997 0.000038 0.001152 0.000089 -0.000043 0.000995 -0.022201 0.000994 -0.000057 -0.000092 0.043724 0.000000 0.000000 0.000000 1.000000
0.000072 0.000996 0.000044 -0.000422 0.000075 -0.000049 0.000996 -0.027588 0.000995 -0.000068 -0.000079 0.046649 0.000000 0.000000 0.000000 1.000000
0.000076 0.000996 0.000047 -0.000599 0.000062 -0.000052 0.000997 -0.029623 0.000995 -0.000073 -0.000065 0.049151 0.000000 0.000000 0.000000 1.000000
0.000077 0.000996 0.000049 -0.000921 0.000048 -0.000053 0.000997 -0.031843 0.000996 -0.000074 -0.000052 0.049397 0.000000 0.000000 0.000000 1.000000
0.000077 0.000996 0.000053 -0.002186 0.000035 -0.000056 0.000998 -0.033643 0.000996 -0.000075 -0.000039 0.046282 0.000000 0.000000 0.000000 1.000000
0.000074 0.000996 0.000057 -0.006147 0.000023 -0.000058 0.000998 -0.036704 0.000997 -0.000072 -0.000027 0.039072 0.000000 0.000000 0.000000 1.000000
0.000064 0.000996 0.000061 -0.011402 0.000016 -0.000062 0.000998 -0.043686 0.000998 -0.000063 -0.000020 0.031256 0.000000 0.000000 0.000000 1.000000
0.000058 0.000996 0.000067 -0.019793 0.000008 -0.000068 0.000998 -0.051058 0.000998 -0.000058 -0.000012 0.019705 0.000000 0.000000 0.000000 1.000000
0.000041 0.000996 0.000076 -0.030496 -0.000004 -0.000076 0.000997 -0.059270 0.000999 -0.000042 0.000001 0.002801 0.000000 0.000000 0.000000 1.000000
0.000011 0.000997 0.000080 -0.037438 -0.000008 -0.000080 0.000997 -0.067391 0.001000 -0.000011 0.000007 -0.012756 0.000000 0.000000 0.000000 1.000000
-0.000024 0.000997 0.000075 -0.039331 -0.000005 -0.000075 0.000997 -0.070079 0.001000 0.000024 0.000007 -0.023094 0.000000 0.000000 0.000000 1.000000
-0.000045 0.000997 0.000062 -0.032939 -0.000007 -0.000062 0.000998 -0.072025 0.000999 0.000044 0.000010 -0.031822 0.000000 0.000000 0.000000 1.000000
-0.000048 0.000998 0.000047 -0.024871 -0.000003 -0.000047 0.000999 -0.071855 0.000999 0.000048 0.000005 -0.037296 0.000000 0.000000 0.000000 1.000000
-0.000056 0.000998 0.000035 -0.018818 0.000005 -0.000035 0.000999 -0.069082 0.000998 0.000057 -0.000003 -0.041682 0.000000 0.000000 0.000000 1.000000
-0.000091 0.000995 0.000029 -0.016895 0.000018 -0.000027 0.000999 -0.061811 0.000996 0.000091 -0.000015 -0.042406 0.000000 0.000000 0.000000 1.000000
-0.000125 0.000992 0.000019 -0.013098 0.000023 -0.000016 0.001000 -0.051701 0.000992 0.000126 -0.000021 -0.043743 0.000000 0.000000 0.000000 1.000000
-0.000146 0.000989 0.000018 -0.014916 0.000030 -0.000014 0.000999 -0.040974 0.000989 0.000147 -0.000027 -0.041539 0.000000 0.000000 0.000000 1.000000
-0.000172 0.000985 0.000021 -0.017685 0.000034 -0.000016 0.000999 -0.028639 0.000984 0.000173 -0.000031 -0.037519 0.000000 0.000000 0.000000 1.000000
-0.000195 0.000980 0.000023 -0.017876 0.000037 -0.000016 0.000999 -0.016203 0.000980 0.000196 -0.000033 -0.030048 0.000000 0.000000 0.000000 1.000000
-0.000210 0.000978 0.000018 -0.015181 0.000035 -0.000011 0.000999 -0.007787 0.000977 0.000210 -0.000032 -0.024398 0.000000 0.000000 0.000000 1.000000
-0.000217 0.000976 0.000020 -0.017432 0.000036 -0.000012 0.000999 -0.004238 0.000976 0.000217 -0.000033 -0.015767 0.000000 0.000000 0.000000 1.000000
-0.000232 0.000973 0.000014 -0.015339 0.000035 -0.000006 0.000999 -0.004459 0.000972 0.000232 -0.000032 -0.006809 0.000000 0.000000 0.000000 1.000000
-0.000254 0.000967 0.000004 -0.010239 0.000026 0.000003 0.001000 -0.007207 0.000967 0.000254 -0.000026 -0.000519 0.000000 0.000000 0.000000 1.000000
-0.000273 0.000962 -0.000007 -0.004614 0.000018 0.000012 0.001000 -0.011879 0.000962 0.000273 -0.000021 0.006448 0.000000 0.000000 0.000000 1.000000
-0.000290 0.000957 -0.000019 0.002793 0.000014 0.000024 0.001000 -0.018999 0.000957 0.000290 -0.000020 0.014913 0.000000 0.000000 0.000000 1.000000
-0.000302 0.000953 -0.000031 0.009702 0.000006 0.000034 0.000999 -0.027112 0.000953 0.000301 -0.000016 0.018999 0.000000 0.000000 0.000000 1.000000
-0.000302 0.000953 -0.000031 0.009702 0.000006 0.000034 0.000999 -0.027112 0.000953 0.000301 -0.000016 0.018999 0.000000 0.000000 0.000000 1.000000</float_array><technique_common><accessor source="#Bip01-Matrix-animation-output-transform-array" count="42" stride="16"><param type="float4x4"/></accessor></technique_common></source><source id="Bip01-Interpolations"><Name_array id="Bip01-Interpolations-array" count="42">
 LINEAR LINEAR LINEAR LINEAR LINEAR LINEAR LINEAR LINEAR LINEAR LINEAR LINEAR
LINEAR LINEAR LINEAR LINEAR LINEAR LINEAR LINEAR LINEAR LINEAR LINEAR LINEAR LINEAR
LINEAR LINEAR LINEAR LINEAR LINEAR LINEAR LINEAR LINEAR LINEAR LINEAR LINEAR LINEAR
LINEAR LINEAR LINEAR LINEAR LINEAR LINEAR LINEAR</Name_array><technique_common><accessor source="#Bip01-Interpolations-array" count="42"><param type="name"/></accessor></technique_common></source><sampler id="Bip01-Matrix-animation-transform"><input semantic="INPUT" source="#Bip01-Matrix-animation-input"/><input semantic="OUTPUT" source="#Bip01-Matrix-animation-output-transform"/><input semantic="INTERPOLATION" source="#Bip01-Interpolations"/></sampler><channel source="#Bip01-Matrix-animation-transform" target="Bip01/matrix"/></animation></animation>
    <animation id="Bip01_Pelvis-anim" name="Bip01_Pelvis"><animation><source id="Bip01_Pelvis-Matrix-animation-input"><float_array id="Bip01_Pelvis-Matrix-animation-input-array" count="42">

0.000000 0.033333 0.066667 0.100000 0.133333 0.166667 0.200000 0.233333 0.266667 0.300000 0.333333 0.366667 0.400000 0.433333 0.466667 0.500000
0.533333 0.566667 0.600000 0.633333 0.666667 0.700000 0.733333 0.766667 0.800000 0.833333 0.866667 0.900000 0.933333 0.966667 1.000000 1.033333
1.066667 1.100000 1.133333 1.166667 1.200000 1.233333 1.266667 1.300000 1.333333 1.366667</float_array><technique_common><accessor source="#Bip01_Pelvis-Matrix-animation-input-array" count="42"><param name="TIME" type="float"/></accessor></technique_common></source><source id="Bip01_Pelvis-Matrix-animation-output-transform"><float_array id="Bip01_Pelvis-Matrix-animation-output-transform-array" count="672">

0.000000 17.664896 -0.000024 -0.000004 0.000000 0.000024 17.664894 0.000001 17.664898 -0.000000 -0.000000 615.513916 0.000000 0.000000 0.000000 1.000000
0.000000 17.664896 -0.000024 -0.000004 0.000000 0.000024 17.664894 0.000001 17.664898 -0.000000 -0.000000 615.513916 0.000000 0.000000 0.000000 1.000000
0.000000 17.664896 -0.000024 -0.000004 -0.000000 0.000024 17.664894 0.000001 17.664898 -0.000000 -0.000000 615.513916 0.000000 0.000000 0.000000 1.000000
0.000000 17.664896 -0.000024 -0.000004 -0.000000 0.000024 17.664894 0.000001 17.664898 -0.000000 -0.000000 615.513916 0.000000 0.000000 0.000000 1.000000
0.000000 17.664896 -0.000024 -0.000004 0.000000 0.000024 17.664894 0.000001 17.664898 -0.000000 -0.000000 615.513916 0.000000 0.000000 0.000000 1.000000
0.000000 17.664896 -0.000024 -0.000004 -0.000000 0.000024 17.664894 0.000001 17.664898 -0.000000 0.000000 615.513916 0.000000 0.000000 0.000000 1.000000
0.000000 17.664896 -0.000024 -0.000004 -0.000000 0.000024 17.664894 0.000001 17.664898 -0.000000 -0.000000 615.513916 0.000000 0.000000 0.000000 1.000000
0.000000 17.664896 -0.000024 -0.000004 0.000000 0.000024 17.664894 0.000001 17.664898 -0.000000 0.000000 615.513916 0.000000 0.000000 0.000000 1.000000
0.000000 17.664896 -0.000024 -0.000004 0.000000 0.000024 17.664894 0.000001 17.664898 -0.000000 0.000000 615.513916 0.000000 0.000000 0.000000 1.000000
0.000000 17.664896 -0.000024 -0.000004 -0.000000 0.000024 17.664894 0.000001 17.664898 -0.000000 0.000000 615.513916 0.000000 0.000000 0.000000 1.000000
0.000000 17.664896 -0.000024 -0.000004 0.000000 0.000024 17.664894 0.000001 17.664898 -0.000000 0.000000 615.513916 0.000000 0.000000 0.000000 1.000000
0.000000 17.664896 -0.000024 -0.000004 0.000000 0.000024 17.664894 0.000001 17.664898 -0.000000 -0.000000 615.513916 0.000000 0.000000 0.000000 1.000000
0.000000 17.664896 -0.000024 -0.000004 0.000000 0.000024 17.664894 0.000001 17.664898 -0.000000 0.000000 615.513916 0.000000 0.000000 0.000000 1.000000
0.000000 17.664896 -0.000024 -0.000004 0.000000 0.000024 17.664894 0.000001 17.664898 -0.000000 0.000000 615.513916 0.000000 0.000000 0.000000 1.000000
0.000000 17.664896 -0.000024 -0.000004 0.000000 0.000024 17.664894 0.000001 17.664898 -0.000000 0.000000 615.513916 0.000000 0.000000 0.000000 1.000000
0.000000 17.664896 -0.000024 -0.000004 -0.000000 0.000024 17.664894 0.000001 17.664898 -0.000000 0.000000 615.513916 0.000000 0.000000 0.000000 1.000000
0.000000 17.664896 -0.000024 -0.000004 0.000000 0.000024 17.664894 0.000001 17.664898 -0.000000 -0.000000 615.513916 0.000000 0.000000 0.000000 1.000000
0.000000 17.664896 -0.000024 -0.000004 0.000000 0.000024 17.664894 0.000001 17.664898 -0.000000 0.000000 615.513916 0.000000 0.000000 0.000000 1.000000
0.000000 17.664896 -0.000024 -0.000004 0.000000 0.000024 17.664894 0.000001 17.664898 -0.000000 0.000000 615.513916 0.000000 0.000000 0.000000 1.000000
0.000000 17.664896 -0.000024 -0.000004 -0.000000 0.000024 17.664894 0.000001 17.664898 -0.000000 0.000000 615.513916 0.000000 0.000000 0.000000 1.000000
0.000000 17.664896 -0.000024 -0.000004 0.000000 0.000024 17.664894 0.000001 17.664898 -0.000000 0.000000 615.513916 0.000000 0.000000 0.000000 1.000000
0.000000 17.664896 -0.000024 -0.000004 -0.000000 0.000024 17.664894 0.000001 17.664898 -0.000000 0.000000 615.513916 0.000000 0.000000 0.000000 1.000000
0.000000 17.664896 -0.000024 -0.000004 0.000000 0.000024 17.664894 0.000001 17.664898 -0.000000 0.000000 615.513916 0.000000 0.000000 0.000000 1.000000
0.000000 17.664896 -0.000024 -0.000004 -0.000000 0.000024 17.664894 0.000001 17.664898 -0.000000 0.000000 615.513916 0.000000 0.000000 0.000000 1.000000
0.000000 17.664896 -0.000024 -0.000004 -0.000000 0.000024 17.664894 0.000001 17.664898 -0.000000 -0.000000 615.513916 0.000000 0.000000 0.000000 1.000000
0.000000 17.664896 -0.000024 -0.000004 -0.000000 0.000024 17.664894 0.000001 17.664898 -0.000000 0.000000 615.513916 0.000000 0.000000 0.000000 1.000000
0.000000 17.664896 -0.000024 -0.000004 0.000000 0.000024 17.664894 0.000001 17.664898 -0.000000 0.000000 615.513916 0.000000 0.000000 0.000000 1.000000
0.000000 17.664896 -0.000024 -0.000004 -0.000000 0.000024 17.664894 0.000001 17.664898 -0.000000 0.000000 615.513916 0.000000 0.000000 0.000000 1.000000
0.000000 17.664896 -0.000024 -0.000004 0.000000 0.000024 17.664894 0.000001 17.664898 -0.000000 0.000000 615.513916 0.000000 0.000000 0.000000 1.000000
0.000000 17.664896 -0.000024 -0.000004 -0.000000 0.000024 17.664894 0.000001 17.664898 -0.000000 -0.000000 615.513916 0.000000 0.000000 0.000000 1.000000
0.000000 17.664896 -0.000024 -0.000004 0.000000 0.000024 17.664894 0.000001 17.664898 -0.000000 0.000000 615.513916 0.000000 0.000000 0.000000 1.000000
0.000000 17.664896 -0.000024 -0.000004 0.000000 0.000024 17.664894 0.000001 17.664898 -0.000000 0.000000 615.513916 0.000000 0.000000 0.000000 1.000000
0.000000 17.664896 -0.000024 -0.000004 0.000000 0.000024 17.664894 0.000001 17.664898 -0.000000 -0.000000 615.513916 0.000000 0.000000 0.000000 1.000000
0.000000 17.664896 -0.000024 -0.000004 -0.000000 0.000024 17.664894 0.000001 17.664898 -0.000000 0.000000 615.513916 0.000000 0.000000 0.000000 1.000000
0.000000 17.664896 -0.000024 -0.000004 -0.000000 0.000024 17.664894 0.000001 17.664898 -0.000000 -0.000000 615.513916 0.000000 0.000000 0.000000 1.000000
0.000000 17.664896 -0.000024 -0.000004 0.000000 0.000024 17.664894 0.000001 17.664898 -0.000000 -0.000000 615.513916 0.000000 0.000000 0.000000 1.000000
0.000000 17.664896 -0.000024 -0.000004 0.000000 0.000024 17.664894 0.000001 17.664898 -0.000000 -0.000000 615.513916 0.000000 0.000000 0.000000 1.000000
0.000000 17.664896 -0.000024 -0.000004 0.000000 0.000024 17.664894 0.000001 17.664898 -0.000000 0.000000 615.513916 0.000000 0.000000 0.000000 1.000000
0.000000 17.664896 -0.000024 -0.000004 -0.000000 0.000024 17.664894 0.000001 17.664898 -0.000000 -0.000000 615.513916 0.000000 0.000000 0.000000 1.000000
0.000000 17.664896 -0.000024 -0.000004 0.000000 0.000024 17.664894 0.000001 17.664898 -0.000000 -0.000000 615.513916 0.000000 0.000000 0.000000 1.000000
0.000000 17.664896 -0.000024 -0.000004 -0.000000 0.000024 17.664894 0.000001 17.664898 -0.000000 -0.000000 615.513916 0.000000 0.000000 0.000000 1.000000
0.000000 17.664896 -0.000024 -0.000004 -0.000000 0.000024 17.664894 0.000001 17.664898 -0.000000 -0.000000 615.513916 0.000000 0.000000 0.000000 1.000000</float_array><technique_common><accessor source="#Bip01_Pelvis-Matrix-animation-output-transform-array" count="42" stride="16"><param type="float4x4"/></accessor></technique_common></source><source id="Bip01_Pelvis-Interpolations"><Name_array id="Bip01_Pelvis-Interpolations-array" count="42">
 LINEAR LINEAR LINEAR LINEAR LINEAR LINEAR LINEAR LINEAR LINEAR LINEAR LINEAR
LINEAR LINEAR LINEAR LINEAR LINEAR LINEAR LINEAR LINEAR LINEAR LINEAR LINEAR LINEAR
LINEAR LINEAR LINEAR LINEAR LINEAR LINEAR LINEAR LINEAR LINEAR LINEAR LINEAR LINEAR
LINEAR LINEAR LINEAR LINEAR LINEAR LINEAR LINEAR</Name_array><technique_common><accessor source="#Bip01_Pelvis-Interpolations-array" count="42"><param type="name"/></accessor></technique_common></source><sampler id="Bip01_Pelvis-Matrix-animation-transform"><input semantic="INPUT" source="#Bip01_Pelvis-Matrix-animation-input"/><input semantic="OUTPUT" source="#Bip01_Pelvis-Matrix-animation-output-transform"/><input semantic="INTERPOLATION" source="#Bip01_Pelvis-Interpolations"/></sampler><channel source="#Bip01_Pelvis-Matrix-animation-transform" target="Bip01_Pelvis/matrix"/></animation></animation>
    <animation id="Bip01_Spine-anim" name="Bip01_Spine"><animation><source id="Bip01_Spine-Matrix-animation-input"><float_array id="Bip01_Spine-Matrix-animation-input-array" count="42">

0.000000 0.033333 0.066667 0.100000 0.133333 0.166667 0.200000 0.233333 0.266667 0.300000 0.333333 0.366667 0.400000 0.433333 0.466667 0.500000
0.533333 0.566667 0.600000 0.633333 0.666667 0.700000 0.733333 0.766667 0.800000 0.833333 0.866667 0.900000 0.933333 0.966667 1.000000 1.033333
1.066667 1.100000 1.133333 1.166667 1.200000 1.233333 1.266667 1.300000 1.333333 1.366667</float_array><technique_common><accessor source="#Bip01_Spine-Matrix-animation-input-array" count="42"><param name="TIME" type="float"/></accessor></technique_common></source><source id="Bip01_Spine-Matrix-animation-output-transform"><float_array id="Bip01_Spine-Matrix-animation-output-transform-array" count="672">

0.999724 -0.011777 0.020341 6.016934 0.010790 0.998791 0.047969 -0.014115 -0.020881 -0.047736 0.998642 -0.000028 0.000000 0.000000 0.000000 1.000000
0.999610 -0.012051 0.025189 6.016934 0.010689 0.998509 0.053540 -0.014115 -0.025797 -0.053250 0.998248 -0.000028 0.000000 0.000000 0.000000 1.000000
0.999462 -0.013969 0.029684 6.016934 0.012134 0.998055 0.061151 -0.014115 -0.030481 -0.060758 0.997687 -0.000028 0.000000 0.000000 0.000000 1.000000
0.999351 -0.014716 0.032892 6.016934 0.012420 0.997542 0.068966 -0.014115 -0.033826 -0.068513 0.997077 -0.000028 0.000000 0.000000 0.000000 1.000000
0.999066 -0.012112 0.041489 6.016934 0.008904 0.997020 0.076636 -0.014115 -0.042294 -0.076195 0.996195 -0.000028 0.000000 0.000000 0.000000 1.000000
0.998879 -0.006303 0.046909 6.016934 0.002581 0.996872 0.078995 -0.014115 -0.047261 -0.078785 0.995771 -0.000028 0.000000 0.000000 0.000000 1.000000
0.998760 -0.007525 0.049220 6.016934 0.003889 0.997284 0.073559 -0.014115 -0.049640 -0.073276 0.996076 -0.000028 0.000000 0.000000 0.000000 1.000000
0.998694 -0.009249 0.050246 6.016934 0.005784 0.997622 0.068680 -0.014115 -0.050761 -0.068300 0.996373 -0.000028 0.000000 0.000000 0.000000 1.000000
0.998764 -0.009837 0.048719 6.016934 0.006779 0.998019 0.062548 -0.014115 -0.049238 -0.062140 0.996852 -0.000028 0.000000 0.000000 0.000000 1.000000
0.999097 -0.008584 0.041624 6.016934 0.006443 0.998663 0.051304 -0.014115 -0.042009 -0.050989 0.997815 -0.000028 0.000000 0.000000 0.000000 1.000000
0.999446 -0.008847 0.032094 6.016934 0.007699 0.999332 0.035722 -0.014115 -0.032389 -0.035455 0.998846 -0.000028 0.000000 0.000000 0.000000 1.000000
0.999811 -0.008603 0.017448 6.016934 0.008323 0.999837 0.016039 -0.014115 -0.017583 -0.015891 0.999719 -0.000028 0.000000 0.000000 0.000000 1.000000
0.999924 -0.011662 0.003960 6.016934 0.011678 0.999923 -0.004158 -0.014115 -0.003911 0.004204 0.999983 -0.000028 0.000000 0.000000 0.000000 1.000000
0.999821 -0.016345 -0.009592 6.016934 0.016113 0.999588 -0.023775 -0.014115 0.009976 0.023616 0.999671 -0.000028 0.000000 0.000000 0.000000 1.000000
0.999614 -0.019897 -0.019385 6.016934 0.019101 0.999002 -0.040386 -0.014115 0.020169 0.040000 0.998996 -0.000028 0.000000 0.000000 0.000000 1.000000
0.999365 -0.023980 -0.026362 6.016934 0.022702 0.998601 -0.047770 -0.014115 0.027470 0.047141 0.998510 -0.000028 0.000000 0.000000 0.000000 1.000000
0.999228 -0.022084 -0.032489 6.016934 0.020266 0.998267 -0.055252 -0.014115 0.033653 0.054551 0.997944 -0.000028 0.000000 0.000000 0.000000 1.000000
0.999152 -0.016907 -0.037555 6.016934 0.014550 0.997960 -0.062162 -0.014115 0.038529 0.061563 0.997359 -0.000028 0.000000 0.000000 0.000000 1.000000
0.999210 -0.010700 -0.038269 6.016844 0.008210 0.997874 -0.064658 -0.014115 0.038879 0.064293 0.997173 -0.000028 0.000000 0.000000 0.000000 1.000000
0.999157 -0.006719 -0.040510 6.016924 0.004104 0.997922 -0.064314 -0.014115 0.040858 0.064093 0.997107 -0.000028 0.000000 0.000000 0.000000 1.000000
0.999114 -0.005596 -0.041712 6.016924 0.002952 0.997998 -0.063179 -0.014115 0.041982 0.063000 0.997130 -0.000028 0.000000 0.000000 0.000000 1.000000
0.999120 -0.007652 -0.041241 6.016923 0.005037 0.997993 -0.063131 -0.014115 0.041641 0.062868 0.997153 -0.000028 0.000000 0.000000 0.000000 1.000000
0.999124 -0.008914 -0.040894 6.016922 0.006369 0.998059 -0.061950 -0.014115 0.041367 0.061635 0.997241 -0.000028 0.000000 0.000000 0.000000 1.000000
0.999164 -0.007596 -0.040179 6.016922 0.005051 0.997998 -0.063055 -0.014115 0.040578 0.062799 0.997201 0.000008 0.000000 0.000000 0.000000 1.000000
0.999065 -0.006046 -0.042822 6.016922 0.003171 0.997756 -0.066890 -0.014115 0.043130 0.066692 0.996841 0.000333 0.000000 0.000000 0.000000 1.000000
0.998745 -0.001942 -0.050052 6.016921 -0.001775 0.997249 -0.074104 -0.014115 0.050059 0.074099 0.995994 -0.000009 0.000000 0.000000 0.000000 1.000000
0.998409 0.005828 -0.056093 6.016920 -0.010009 0.997169 -0.074531 -0.014115 0.055500 0.074974 0.995640 0.000003 0.000000 0.000000 0.000000 1.000000
0.998017 0.010059 -0.062135 6.016919 -0.014451 0.997397 -0.070639 -0.014115 0.061263 0.071397 0.995565 0.000003 0.000000 0.000000 0.000000 1.000000
0.997919 0.008987 -0.063847 6.016918 -0.013043 0.997903 -0.063401 -0.014115 0.063143 0.064102 0.995944 0.000003 0.000000 0.000000 0.000000 1.000000
0.998147 0.006305 -0.060528 6.016917 -0.009869 0.998223 -0.058766 -0.014115 0.060050 0.059255 0.996435 0.000003 0.000000 0.000000 0.000000 1.000000
0.998462 0.003651 -0.055328 6.016916 -0.006431 0.998721 -0.050163 -0.014115 0.055074 0.050441 0.997207 0.000003 0.000000 0.000000 0.000000 1.000000
0.998831 0.003344 -0.048216 6.016915 -0.005192 0.999255 -0.038254 -0.014115 0.048053 0.038459 0.998104 0.000003 0.000000 0.000000 0.000000 1.000000
0.999154 0.000856 -0.041119 6.016913 -0.001943 0.999650 -0.026407 -0.014115 0.041082 0.026465 0.998805 0.000003 0.000000 0.000000 0.000000 1.000000
0.999481 -0.003740 -0.032009 6.016912 0.003324 0.999910 -0.013044 -0.014115 0.032055 0.012931 0.999402 0.000003 0.000000 0.000000 0.000000 1.000000
0.999701 -0.006908 -0.023476 6.016912 0.006972 0.999972 0.002646 -0.014115 0.023457 -0.002809 0.999721 0.000003 0.000000 0.000000 0.000000 1.000000
0.999855 -0.011126 -0.012935 6.016911 0.011366 0.999762 0.018643 -0.014115 0.012725 -0.018788 0.999742 0.000003 0.000000 0.000000 0.000000 1.000000
0.999878 -0.015217 -0.003545 6.016910 0.015316 0.999441 0.029736 -0.014115 0.003091 -0.029787 0.999551 0.000003 0.000000 0.000000 0.000000 1.000000
0.999837 -0.017039 0.005917 6.016910 0.016806 0.999160 0.037376 -0.014115 -0.006549 -0.037270 0.999284 0.000003 0.000000 0.000000 0.000000 1.000000
0.999776 -0.016689 0.013005 6.016909 0.016116 0.998944 0.043039 -0.014115 -0.013710 -0.042819 0.998989 0.000003 0.000000 0.000000 0.000000 1.000000
0.999741 -0.014809 0.017306 6.016909 0.014002 0.998849 0.045881 -0.014115 -0.017966 -0.045627 0.998797 0.000003 0.000000 0.000000 0.000000 1.000000
0.999724 -0.011777 0.020341 6.016909 0.010790 0.998791 0.047969 -0.014115 -0.020881 -0.047736 0.998642 0.000003 0.000000 0.000000 0.000000 1.000000
0.999724 -0.011777 0.020341 6.016909 0.010790 0.998791 0.047969 -0.014115 -0.020881 -0.047736 0.998642 0.000003 0.000000 0.000000 0.000000 1.000000</float_array><technique_common><accessor source="#Bip01_Spine-Matrix-animation-output-transform-array" count="42" stride="16"><param type="float4x4"/></accessor></technique_common></source><source id="Bip01_Spine-Interpolations"><Name_array id="Bip01_Spine-Interpolations-array" count="42">
 LINEAR LINEAR LINEAR LINEAR LINEAR LINEAR LINEAR LINEAR LINEAR LINEAR LINEAR
LINEAR LINEAR LINEAR LINEAR LINEAR LINEAR LINEAR LINEAR LINEAR LINEAR LINEAR LINEAR
LINEAR LINEAR LINEAR LINEAR LINEAR LINEAR LINEAR LINEAR LINEAR LINEAR LINEAR LINEAR
LINEAR LINEAR LINEAR LINEAR LINEAR LINEAR LINEAR</Name_array><technique_common><accessor source="#Bip01_Spine-Interpolations-array" count="42"><param type="name"/></accessor></technique_common></source><sampler id="Bip01_Spine-Matrix-animation-transform"><input semantic="INPUT" source="#Bip01_Spine-Matrix-animation-input"/><input semantic="OUTPUT" source="#Bip01_Spine-Matrix-animation-output-transform"/><input semantic="INTERPOLATION" source="#Bip01_Spine-Interpolations"/></sampler><channel source="#Bip01_Spine-Matrix-animation-transform" target="Bip01_Spine/matrix"/></animation></animation>
    <animation id="Bip01_L_Thigh-anim" name="Bip01_L_Thigh"><animation><source id="Bip01_L_Thigh-Matrix-animation-input"><float_array id="Bip01_L_Thigh-Matrix-animation-input-array" count="42">

0.000000 0.033333 0.066667 0.100000 0.133333 0.166667 0.200000 0.233333 0.266667 0.300000 0.333333 0.366667 0.400000 0.433333 0.466667 0.500000
0.533333 0.566667 0.600000 0.633333 0.666667 0.700000 0.733333 0.766667 0.800000 0.833333 0.866667 0.900000 0.933333 0.966667 1.000000 1.033333
1.066667 1.100000 1.133333 1.166667 1.200000 1.233333 1.266667 1.300000 1.333333 1.366667</float_array><technique_common><accessor source="#Bip01_L_Thigh-Matrix-animation-input-array" count="42"><param name="TIME" type="float"/></accessor></technique_common></source><source id="Bip01_L_Thigh-Matrix-animation-output-transform"><float_array id="Bip01_L_Thigh-Matrix-animation-output-transform-array" count="672">

-0.987549 -0.132786 0.084353 -6.300546 -0.124989 0.987899 0.091829 -0.567644 -0.095526 0.080142 -0.992195 13.531081 0.000000 0.000000 0.000000 1.000000
-0.977464 -0.183044 0.105163 -6.367048 -0.173593 0.980418 0.092981 -0.641366 -0.120123 0.072631 -0.990098 13.496593 0.000000 0.000000 0.000000 1.000000
-0.967129 -0.230142 0.108145 -6.430149 -0.220049 0.970591 0.097630 -0.732482 -0.127434 0.070624 -0.989329 13.461992 0.000000 0.000000 0.000000 1.000000
-0.961798 -0.260423 0.084411 -6.475285 -0.251788 0.962533 0.100664 -0.834019 -0.107463 0.075564 -0.991333 13.434446 0.000000 0.000000 0.000000 1.000000
-0.967121 -0.249156 0.050974 -6.589337 -0.242372 0.963699 0.111982 -0.954719 -0.077025 0.095946 -0.992402 13.370779 0.000000 0.000000 0.000000 1.000000
-0.971416 -0.237371 0.002292 -6.656324 -0.235459 0.964729 0.117717 -1.025085 -0.030154 0.113812 -0.993044 13.332398 0.000000 0.000000 0.000000 1.000000
-0.974792 -0.216060 -0.055664 -6.688056 -0.221447 0.967363 0.123163 -0.942405 0.027237 0.132385 -0.990824 13.322592 0.000000 0.000000 0.000000 1.000000
-0.981930 -0.133625 -0.134007 -6.702901 -0.152036 0.978672 0.138154 -0.863988 0.112688 0.156031 -0.981303 13.320408 0.000000 0.000000 0.000000 1.000000
-0.978395 0.003876 -0.206706 -6.682542 -0.029061 0.987319 0.156067 -0.776248 0.204689 0.158702 -0.965876 13.336068 0.000000 0.000000 0.000000 1.000000
-0.955743 0.150998 -0.252495 -6.585657 0.109849 0.979326 0.169860 -0.631323 0.272924 0.134607 -0.952572 13.391760 0.000000 0.000000 0.000000 1.000000
-0.925270 0.267716 -0.268708 -6.456293 0.226760 0.958294 0.173932 -0.417351 0.304066 0.100002 -0.947388 13.462991 0.000000 0.000000 0.000000 1.000000
-0.877343 0.396015 -0.271002 -6.256018 0.359474 0.916500 0.175518 -0.151354 0.317881 0.056572 -0.946441 13.562756 0.000000 0.000000 0.000000 1.000000
-0.811363 0.525228 -0.256566 -6.069733 0.493909 0.850748 0.179670 0.141772 0.312641 0.019058 -0.949680 13.647243 0.000000 0.000000 0.000000 1.000000
-0.736467 0.631160 -0.243419 -5.879236 0.603996 0.775562 0.183556 0.435336 0.304640 -0.011841 -0.952394 13.724233 0.000000 0.000000 0.000000 1.000000
-0.667503 0.707762 -0.231327 -5.738610 0.683320 0.705678 0.187329 0.680692 0.295827 -0.033028 -0.954670 13.773702 0.000000 0.000000 0.000000 1.000000
-0.612110 0.763433 -0.206135 -5.637249 0.741988 0.644632 0.184127 0.802885 0.273449 -0.040244 -0.961044 13.808927 0.000000 0.000000 0.000000 1.000000
-0.591802 0.785212 -0.182242 -5.551884 0.768560 0.617819 0.166175 0.892769 0.243075 -0.041722 -0.969110 13.837932 0.000000 0.000000 0.000000 1.000000
-0.609747 0.775021 -0.165983 -5.484912 0.764008 0.630458 0.137164 0.957488 0.210950 -0.043177 -0.976543 13.860338 0.000000 0.000000 0.000000 1.000000
-0.633226 0.757871 -0.157022 -5.480478 0.752365 0.650349 0.104850 0.957462 0.181582 -0.051744 -0.982013 13.862062 0.000000 0.000000 0.000000 1.000000
-0.591794 0.790382 -0.158356 -5.453230 0.788423 0.608448 0.090448 0.930776 0.167840 -0.071325 -0.983230 13.874654 0.000000 0.000000 0.000000 1.000000
-0.538529 0.828641 -0.152776 -5.437526 0.827386 0.554343 0.090195 0.909069 0.159430 -0.077832 -0.984136 13.882212 0.000000 0.000000 0.000000 1.000000
-0.515072 0.843746 -0.150974 -5.442210 0.842196 0.530930 0.093912 0.919641 0.159394 -0.078779 -0.984066 13.879679 0.000000 0.000000 0.000000 1.000000
-0.488689 0.861441 -0.138209 -5.445940 0.860239 0.502180 0.088340 0.910374 0.145505 -0.075722 -0.986455 13.878820 0.000000 0.000000 0.000000 1.000000
-0.475028 0.870208 -0.130715 -5.457065 0.869115 0.487224 0.085161 0.918366 0.137795 -0.073153 -0.987755 13.873947 0.000000 0.000000 0.000000 1.000000
-0.471000 0.872048 -0.133011 -5.421480 0.869862 0.484200 0.094284 0.962259 0.146625 -0.071293 -0.986619 13.884937 0.000000 0.000000 0.000000 1.000000
-0.490593 0.860374 -0.138109 -5.325019 0.859097 0.504086 0.088595 1.038821 0.145844 -0.075184 -0.986446 13.916695 0.000000 0.000000 0.000000 1.000000
-0.517458 0.843870 -0.141843 -5.248755 0.845063 0.530016 0.070364 1.004023 0.134557 -0.083456 -0.987385 13.948204 0.000000 0.000000 0.000000 1.000000
-0.537731 0.830161 -0.147237 -5.167661 0.832061 0.550713 0.066256 0.929669 0.136089 -0.086882 -0.986879 13.983591 0.000000 0.000000 0.000000 1.000000
-0.558291 0.816089 -0.149367 -5.141232 0.815663 0.572827 0.081011 0.836403 0.151674 -0.076606 -0.985457 13.999155 0.000000 0.000000 0.000000 1.000000
-0.591302 0.792033 -0.151806 -5.184851 0.788665 0.607239 0.096271 0.786267 0.168433 -0.062799 -0.983710 13.985974 0.000000 0.000000 0.000000 1.000000
-0.642777 0.751111 -0.150565 -5.254828 0.746325 0.658327 0.098002 0.681748 0.172731 -0.049377 -0.983730 13.965366 0.000000 0.000000 0.000000 1.000000
-0.698562 0.699561 -0.150417 -5.352951 0.693305 0.713729 0.099594 0.519801 0.177029 -0.034712 -0.983593 13.934999 0.000000 0.000000 0.000000 1.000000
-0.758265 0.634938 -0.147942 -5.450202 0.626377 0.772449 0.104754 0.370791 0.180790 -0.013236 -0.983432 13.902064 0.000000 0.000000 0.000000 1.000000
-0.822060 0.553737 -0.132635 -5.575471 0.543628 0.832549 0.106444 0.213420 0.169367 0.015399 -0.985432 13.855598 0.000000 0.000000 0.000000 1.000000
-0.874647 0.472981 -0.106215 -5.694271 0.463370 0.880106 0.103447 0.017305 0.142409 0.041263 -0.988947 13.808830 0.000000 0.000000 0.000000 1.000000
-0.912906 0.400158 -0.080476 -5.841920 0.391010 0.913926 0.108856 -0.175780 0.117109 0.067908 -0.990794 13.745930 0.000000 0.000000 0.000000 1.000000
-0.947595 0.315876 -0.047809 -5.973720 0.309404 0.944669 0.108945 -0.301548 0.079577 0.088443 -0.992897 13.686981 0.000000 0.000000 0.000000 1.000000
-0.973591 0.228006 -0.011538 -6.105210 0.225445 0.968160 0.108815 -0.392888 0.035981 0.103340 -0.993995 13.626493 0.000000 0.000000 0.000000 1.000000
-0.992246 0.123078 0.017287 -6.202670 0.124224 0.986517 0.106547 -0.470864 -0.003940 0.107868 -0.994157 13.579884 0.000000 0.000000 0.000000 1.000000
-0.998906 -0.004720 0.046530 -6.260730 -0.000168 0.995250 0.097353 -0.520559 -0.046769 0.097238 -0.994161 13.551424 0.000000 0.000000 0.000000 1.000000
-0.987548 -0.132788 0.084353 -6.300597 -0.124992 0.987899 0.091829 -0.567644 -0.095526 0.080142 -0.992195 13.531079 0.000000 0.000000 0.000000 1.000000
-0.987548 -0.132788 0.084353 -6.300597 -0.124992 0.987899 0.091829 -0.567644 -0.095526 0.080142 -0.992195 13.531079 0.000000 0.000000 0.000000 1.000000</float_array><technique_common><accessor source="#Bip01_L_Thigh-Matrix-animation-output-transform-array" count="42" stride="16"><param type="float4x4"/></accessor></technique_common></source><source id="Bip01_L_Thigh-Interpolations"><Name_array id="Bip01_L_Thigh-Interpolations-array" count="42">
 LINEAR LINEAR LINEAR LINEAR LINEAR LINEAR LINEAR LINEAR LINEAR LINEAR LINEAR
LINEAR LINEAR LINEAR LINEAR LINEAR LINEAR LINEAR LINEAR LINEAR LINEAR LINEAR LINEAR
LINEAR LINEAR LINEAR LINEAR LINEAR LINEAR LINEAR LINEAR LINEAR LINEAR LINEAR LINEAR
LINEAR LINEAR LINEAR LINEAR LINEAR LINEAR LINEAR</Name_array><technique_common><accessor source="#Bip01_L_Thigh-Interpolations-array" count="42"><param type="name"/></accessor></technique_common></source><sampler id="Bip01_L_Thigh-Matrix-animation-transform"><input semantic="INPUT" source="#Bip01_L_Thigh-Matrix-animation-input"/><input semantic="OUTPUT" source="#Bip01_L_Thigh-Matrix-animation-output-transform"/><input semantic="INTERPOLATION" source="#Bip01_L_Thigh-Interpolations"/></sampler><channel source="#Bip01_L_Thigh-Matrix-animation-transform" target="Bip01_L_Thigh/matrix"/></animation></animation>
    <animation id="Bip01 _L_Calf-anim" name="Bip01 _L_Calf"><animation><source id="Bip01 _L_Calf-Matrix-animation-input"><float_array id="Bip01 _L_Calf-Matrix-animation-input-array" count="42">

0.000000 0.033333 0.066667 0.100000 0.133333 0.166667 0.200000 0.233333 0.266667 0.300000 0.333333 0.366667 0.400000 0.433333 0.466667 0.500000
0.533333 0.566667 0.600000 0.633333 0.666667 0.700000 0.733333 0.766667 0.800000 0.833333 0.866667 0.900000 0.933333 0.966667 1.000000 1.033333
1.066667 1.100000 1.133333 1.166667 1.200000 1.233333 1.266667 1.300000 1.333333 1.366667</float_array><technique_common><accessor source="#Bip01 _L_Calf-Matrix-animation-input-array" count="42"><param name="TIME" type="float"/></accessor></technique_common></source><source id="Bip01 _L_Calf-Matrix-animation-output-transform"><float_array id="Bip01 _L_Calf-Matrix-animation-output-transform-array" count="672">

0.795598 0.574931 0.190994 16.961563 -0.605451 0.743474 0.284036 -0.000002 0.021302 -0.341616 0.939598 -0.000002 0.000000 0.000000 0.000000 1.000000
0.809277 0.561680 0.172008 16.961563 -0.587094 0.763493 0.269074 -0.000002 0.019806 -0.318741 0.947635 -0.000002 0.000000 0.000000 0.000000 1.000000
0.811379 0.565486 0.147958 16.961563 -0.584189 0.775969 0.237901 -0.000002 0.019719 -0.279463 0.959954 -0.000002 0.000000 0.000000 0.000000 1.000000
0.789873 0.603967 0.106420 16.961563 -0.612940 0.771778 0.169305 -0.000002 0.020122 -0.198959 0.979802 -0.000002 0.000000 0.000000 0.000000 1.000000
0.710894 0.700636 0.061153 16.961563 -0.702934 0.705030 0.093899 -0.000002 0.022675 -0.109739 0.993702 -0.000002 0.000000 0.000000 0.000000 1.000000
0.627764 0.778375 -0.006810 16.961563 -0.777969 0.627681 0.027961 -0.000002 0.026039 -0.012255 0.999586 -0.000002 0.000000 0.000000 0.000000 1.000000
0.522586 0.848244 -0.085946 16.961563 -0.852041 0.523198 -0.017051 -0.000002 0.030503 0.082140 0.996154 -0.000002 0.000000 0.000000 0.000000 1.000000
0.356859 0.918333 -0.171220 16.961563 -0.933423 0.357812 -0.026340 -0.000002 0.037076 0.169220 0.984881 -0.000002 0.000000 0.000000 0.000000 1.000000
0.170732 0.959962 -0.222090 16.961563 -0.984559 0.175054 -0.000226 -0.000002 0.038660 0.218699 0.975026 -0.000002 0.000000 0.000000 0.000000 1.000000
0.035758 0.977170 -0.209431 16.961563 -0.998693 0.042603 0.028262 -0.000002 0.036539 0.208146 0.977415 -0.000002 0.000000 0.000000 0.000000 1.000000
-0.049908 0.982459 -0.179678 16.961563 -0.998189 -0.043014 0.042063 -0.000002 0.033597 0.181452 0.982826 -0.000002 0.000000 0.000000 0.000000 1.000000
-0.120697 0.971264 -0.205132 16.961563 -0.992308 -0.112319 0.052052 -0.000002 0.027516 0.209837 0.977349 -0.000002 0.000000 0.000000 0.000000 1.000000
-0.146132 0.957098 -0.250221 16.961563 -0.989009 -0.135577 0.059008 -0.000002 0.022552 0.256093 0.966389 -0.000002 0.000000 0.000000 0.000000 1.000000
-0.115900 0.951130 -0.286218 16.961563 -0.993040 -0.104871 0.053619 -0.000002 0.020983 0.290440 0.956663 -0.000002 0.000000 0.000000 0.000000 1.000000
-0.035002 0.955026 -0.294450 16.961563 -0.999134 -0.026795 0.031862 -0.000002 0.022539 0.295310 0.955136 -0.000002 0.000000 0.000000 0.000000 1.000000
0.116128 0.953231 -0.279044 16.961563 -0.992958 0.118057 -0.009942 -0.000002 0.023466 0.278233 0.960227 -0.000002 0.000000 0.000000 0.000000 1.000000
0.341617 0.910059 -0.234717 16.961563 -0.939600 0.336346 -0.063432 -0.000002 0.021219 0.242210 0.969992 -0.000002 0.000000 0.000000 0.000000 1.000000
0.598922 0.786070 -0.152930 16.961563 -0.800690 0.591090 -0.097514 -0.000002 0.013742 0.180853 0.983414 -0.000002 0.000000 0.000000 0.000000 1.000000
0.811702 0.579694 -0.071390 16.961563 -0.584073 0.805609 -0.099261 -0.000002 -0.000028 0.122268 0.992497 -0.000002 0.000000 0.000000 0.000000 1.000000
0.878538 0.476182 -0.037712 16.961563 -0.477661 0.875228 -0.076269 -0.000002 -0.003311 0.085019 0.996374 -0.000002 0.000000 0.000000 0.000000 1.000000
0.881094 0.472878 -0.007768 16.961563 -0.472940 0.881011 -0.012155 -0.000002 0.001096 0.014383 0.999896 -0.000002 0.000000 0.000000 0.000000 1.000000
0.883150 0.468268 0.027770 16.961563 -0.469045 0.880680 0.066334 -0.000002 0.006606 -0.071608 0.997411 -0.000002 0.000000 0.000000 0.000000 1.000000
0.869487 0.490820 0.055574 16.961563 -0.493846 0.861395 0.118810 -0.000002 0.010444 -0.130749 0.991361 -0.000002 0.000000 0.000000 0.000000 1.000000
0.851794 0.518739 0.073190 16.961563 -0.523728 0.839864 0.142615 -0.000002 0.012511 -0.159810 0.987069 -0.000002 0.000000 0.000000 0.000000 1.000000
0.784643 0.614588 0.081354 16.961563 -0.619626 0.773214 0.134928 -0.000002 0.020021 -0.156279 0.987510 -0.000002 0.000000 0.000000 0.000000 1.000000
0.750511 0.658401 0.056944 16.961563 -0.660525 0.744607 0.096271 -0.000002 0.020984 -0.109865 0.993725 -0.000002 0.000000 0.000000 0.000000 1.000000
0.769304 0.638183 0.029901 16.961563 -0.638729 0.767248 0.057937 -0.000002 0.014033 -0.063670 0.997873 -0.000002 0.000000 0.000000 0.000000 1.000000
0.740695 0.671363 0.025359 16.961563 -0.671752 0.739451 0.044298 -0.000002 0.010988 -0.049846 0.998697 -0.000002 0.000000 0.000000 0.000000 1.000000
0.682385 0.730581 0.024580 16.961563 -0.730928 0.681483 0.036420 -0.000002 0.009857 -0.042819 0.999034 -0.000002 0.000000 0.000000 0.000000 1.000000
0.601119 0.798429 0.034180 16.961563 -0.799077 0.599890 0.040113 -0.000002 0.011523 -0.051424 0.998611 -0.000002 0.000000 0.000000 0.000000 1.000000
0.549521 0.833287 0.060509 16.961563 -0.835381 0.546895 0.055180 -0.000002 0.012889 -0.080870 0.996642 -0.000002 0.000000 0.000000 0.000000 1.000000
0.514031 0.853914 0.081256 16.961563 -0.857665 0.510159 0.064418 -0.000002 0.013554 -0.102804 0.994610 -0.000002 0.000000 0.000000 0.000000 1.000000
0.498651 0.860556 0.103881 16.961563 -0.866666 0.492846 0.077415 -0.000002 0.015423 -0.128633 0.991573 -0.000002 0.000000 0.000000 0.000000 1.000000
0.510914 0.850307 0.126279 16.961563 -0.859461 0.502339 0.094779 -0.000002 0.017156 -0.156955 0.987457 -0.000002 0.000000 0.000000 0.000000 1.000000
0.534846 0.831327 0.151118 16.961563 -0.844747 0.522172 0.117220 -0.000002 0.018538 -0.190351 0.981541 -0.000002 0.000000 0.000000 0.000000 1.000000
